20
4 4 2 2 1 0 2 1 2 3 4
36402 39273 278 35 1000000 11371 25106 51 98 33 54
1163 9027 94 86 1000000 1054 6993 92 90 59 19
38095 39579 180 6 1507 11485 32227 86 32 39 26
35277 38250 2 199 1349 28136 16549 49 90 40 96
5134 2621 141 183 1000000 2309 282 36 56 66 26
38850 37146 6 132 1443 28733 35729 1 38 55 58
5726 4567 144 121 1000000 454 3685 99 81 46 52
35728 35276 139 460 1000000 14745 27690 33 97 8 69
6503 8478 146 197 1000000 332 8138 33 8 90 43
39353 39838 20565 20767 3 35517 37854 90 60 17 84
9870 591 100 109 1000000 46 313 37 25 63 70
24576 30148 1171 1922 740 19787 13047 34 74 34 11
14 15 12 4 4 3 5 84 74 53 68
39724 39430 20919 20227 3 7295 34728 28 46 33 14
39491 39608 20414 20014 3 22564 17425 7 17 95 40
4 4 1 1 3 1 1 2 2 2 2
39078 39880 20882 20735 3 22243 24336 53 36 6 40
6 10 3 2 2 0 0 5 4 3 2
703 687 125 343 321 68 78 38 8 2 66
